  198001     6.10    11.15    -6.76     0.80    -1.64     8.56    -1.23
  198002     0.30    -3.05    -6.77     0.89    -5.13    -6.81    -4.44
  198003    -9.89   -18.52    -0.52     1.21     0.77   -12.71     0.84
  198004     4.29     5.77    14.19     1.26     9.58     6.48     8.59
  198005     5.62     6.92     5.60     0.81     4.06    12.58     3.71
  198006     2.96     4.32     3.72     0.61     1.44     7.06     1.30
  198007     6.76    12.00    -4.63     0.53    -1.10     4.89    -0.84
  198008     1.31     7.38    -4.43     0.64    -3.13     3.19    -2.71
  198009     2.81     2.67    -2.42     0.75    -0.73    -1.32    -0.51
  198010     1.87     4.29    -1.73     0.95    -1.00     9.12    -0.76
  198011    10.95     4.75     0.09     0.96    -0.09    -0.63    -0.02
  198012    -3.15    -3.06     2.90     1.31     2.80    -5.13     2.63
  198101    -4.38     2.07    -1.50     1.04     0.05     6.39     0.18
  198102     2.04     0.94    -2.46     1.07    -1.25     0.49    -0.93
  198103     3.86     9.43     2.96     1.21     2.42     3.99     2.28
  198104    -2.09     6.57    -7.99     1.08    -2.24    -2.46    -1.81
  198105     0.62     4.22     6.34     1.15     2.60    -3.91     2.33
  198106    -0.82     0.76    -0.10     1.35     0.28     9.17     0.47
  198107     0.08    -3.16    -3.77     1.24    -1.53     4.45    -1.20
  198108    -5.54    -6.84    -3.52     1.28    -1.25    -7.06    -0.90
  198109    -5.03    -7.33    -2.30     1.24     0.81    -7.12     0.93
  198110     5.27     7.42     5.91     1.21     5.26     1.16     4.79
  198111     4.40     2.76    13.15     1.07     6.82     4.42     6.10
  198112    -2.75    -2.20    -5.77     0.87    -2.51    -0.93    -2.09
  198201    -1.63    -1.96    -1.58     0.80     0.64    -1.75     0.67
  198202    -5.12    -2.96     2.83     0.92     1.54    -2.98     1.46
  198203    -0.61    -0.86     2.38     0.98     1.12     3.13     1.06
  198204     4.13     3.83     3.69     1.13     2.36     2.37     2.20
  198205    -2.84    -2.48     1.27     1.06     1.45    -1.56     1.43
  198206    -1.75    -1.59    -2.44     0.96    -1.17    -5.58    -0.92
  198207    -2.07    -0.15     6.47     1.05     4.01     2.81     3.69
  198208    12.56     6.98     7.87     0.76     4.31    15.97     3.84
  198209     1.10     3.27     5.75     0.51     3.35     5.57     2.96
  198210    11.26    13.05     9.12     0.59     4.51     8.95     3.98
  198211     4.43     7.79     0.78     0.63     0.86     1.38     0.88
  198212     1.61     1.32     1.42     0.67     1.91    -0.94     1.77
  198301     3.48     6.28    -1.18     0.69     0.04    -0.74     0.20
  198302     2.60     7.12     4.35     0.62     2.33     4.73     2.07
  198303     3.62     5.25     0.57     0.63    -0.12     9.01    -0.03
  198304     7.58     7.67     5.68     0.71     2.17     8.89     1.97
  198305    -0.58     8.70    -3.98     0.69    -0.97    -2.55    -0.71
  198306     3.80     3.48    -0.13     0.67     0.27    -0.05     0.30
  198307    -3.12    -0.88    -5.11     0.74    -1.56    -3.26    -1.22
  198308     1.70    -1.97     0.91     0.76     0.58     2.01     0.60
  198309     1.35     1.33     4.14     0.76     2.83     0.91     2.56
  198310    -1.34    -5.68    -0.69     0.76     0.34     3.21     0.43
  198311     2.33     5.16     1.51     0.70     1.09     3.20     1.02
  198312    -0.71    -1.45    -0.90     0.73     0.26     0.22     0.34
  198401    -0.66    -0.08     3.14     0.76     1.68    -1.74     1.58
  198402    -3.28    -6.45    -2.59     0.71    -0.36     0.37    -0.20
  198403     1.71     1.74    -1.83     0.73    -0.72     1.24    -0.53
  198404     0.69    -0.85    -1.06     0.81     0.05     3.96     0.17
  198405    -5.44    -5.21    -4.47     0.78    -2.25    -1.49    -1.84
  198406     2.19     2.98     0.96     0.75     1.05    -0.40     1.00
  198407    -1.40    -4.24     8.29     0.82     3.79    -1.24     3.37
  198408    11.39     9.98     1.53     0.83     1.49     5.61     1.38
  198409     0.02     0.33     3.13     0.86     2.03     6.16     1.88
  198410     0.26    -2.17     6.98     1.00     3.82     1.57     3.45
  198411    -1.00    -3.36     1.48     0.73     1.73    -1.60     1.65
  198412     2.56     1.50     0.46     0.64     1.47     1.82     1.39
  198501     7.76    10.59     2.77     0.67     1.96    10.00     1.77
  198502     1.30     2.72    -3.15     0.60    -1.71     1.13    -1.35
  198503     0.04    -2.14     2.45     0.62     1.90    -0.49     1.73
  198504    -0.31    -1.74     3.09     0.72     1.99     0.09     1.86
  198505     6.06     2.76     8.90     0.66     4.61     0.31     4.05
  198506     1.56     1.06     0.26     0.55     1.03    -0.24     0.98
  198507    -0.31     2.60    -1.32     0.62    -0.29     0.23    -0.15
  198508    -0.66    -0.72     3.10     0.58     1.63    -2.12     1.48
  198509    -3.21    -5.44    -0.03     0.60     0.65    -7.58     0.67
  198510     4.49     2.61     3.29     0.62     1.88     6.50     1.67
  198511     7.13     6.20     3.70     0.62     2.19    -0.33     1.94
  198512     4.67     4.70     4.69     0.61     3.03    -1.17     2.66
  198601     0.44     1.12     0.45     0.56     0.54     1.22     0.56
  198602     7.60     7.19     7.52     0.53     4.01     5.73     3.33
  198603     5.51     4.80     2.56     0.60     3.91    10.43     3.33
  198604    -1.24     0.61     0.16     0.56     0.42    -3.24     0.48
  198605     5.46     3.60    -1.64     0.49    -2.28    -9.89    -1.80
  198606     1.66     0.26     2.18     0.52     3.25     7.26     2.81
  198607    -5.68    -7.10     0.31     0.52     0.72     4.43     0.78
  198608     7.53     2.18     2.75     0.46     2.83     5.15     2.49
  198609    -8.27    -5.59    -1.14     0.45    -1.56     7.38    -1.24
  198610     5.56     3.46     1.89     0.46     1.38    -5.57     1.26
  198611     2.53    -0.34     2.33     0.39     1.15    -1.46     1.04
  198612    -2.67    -2.62     1.17     0.45     0.18     0.42     0.22
  198701    13.35     9.43     2.16     0.40     1.09     4.01     0.98
  198702     4.11     8.09     0.58     0.43     0.68     2.18     0.62
  198703     2.73     2.33    -0.87     0.47    -0.59    -0.93    -0.41
  198704    -0.89    -3.13    -5.02     0.44    -2.46     1.64    -2.03
  198705     1.04    -0.39    -0.52     0.38    -0.43    -1.95    -0.31
  198706     4.99     2.66     1.55     0.48     1.17     3.55     1.10
  198707     4.98     3.64    -1.19     0.46    -0.21    -1.52    -0.06
  198708     3.85     2.87    -0.41     0.47    -0.56    -1.93    -0.40
  198709    -2.18    -0.81    -4.22     0.44    -1.94     0.90    -1.56
  198710   -21.56   -29.19     5.07     0.59     3.89   -20.17     3.38
  198711    -8.18    -3.97     1.25     0.35     0.49    -2.40     0.50
  198712     7.37     5.20     2.12     0.39     1.19     3.87     1.07
  198801     4.23     5.56     5.17     0.29     3.27    10.16     2.81
  198802     4.70     7.60     1.38     0.46     1.07     5.64     1.01
  198803    -3.03     4.08    -1.88     0.46    -1.03    -4.17    -0.76
  198804     1.07     2.09    -1.49     0.46    -0.53     2.96    -0.36
  198805     0.79    -1.79    -0.57     0.51    -0.71    -0.77    -0.54
  198806     4.63     6.12     3.79     0.53     2.21    -1.61     1.93
  198807    -0.41    -0.25    -1.11     0.51    -0.68    10.16    -0.49
  198808    -3.30    -2.46     0.54     0.59     0.20     5.64     0.23
  198809     4.24     2.27     3.26     0.62     2.18    -4.17     1.93
  198810     2.73    -1.23     2.73     0.61     1.76     2.96     1.57
  198811    -1.44    -4.37    -1.69     0.63    -1.18    -0.77    -0.93
  198812     1.81     3.55     0.39     0.63     0.38    -1.61     0.35
